16,4,34,4,32,4,28,3,8
21,3,17,6,27
26,3,29,3,32
14,1,3,2,17
1,5,28,7,22,2,13
1,2,9,6,28,3,8,1,13
14,1,3,2,17
26,4,34,4,32
6,1,4,1,18,1,22
16,1,21,4,32
16,1,21,4,32
6,1,4,1,18,1,22
26,3,29,3,32
26,0,16,3,33,0,2
17,1,3,0,1
17,4,25,2,14,0,1
26,0,16,3,33,0,2
26,3,29,3,32
27,3,17,5,26
14,0,1,1,6
14,3,9,1,6
27,2,15,2,17,5,26
26,4,34,4,32
21,3,17,2,15
4,3,28,4,9,4,14,4,25,1,5
4,3,28,4,9,4,14,4,25,1,5
21,3,17,2,15
26,3,29,3,32
30,3,32,4,28,3,8
7,1,14,1,3,2,17,5,26
7,1,14,4,25,3,17,5,26
30,3,32,4,28,7,22,0,8
26,3,29,3,32
18,2,28,2,6,3,21,3,17,0,2
27,0,3,0,1,5,28,5,11
27,0,3,0,1,2,9,3,11
18,2,28,2,6,3,21,3,17,0,2
26,4,34,4,32
5,0,25,0,3
31,2,25,3,17,0,2
