16,4,34,4,32,4,28,3,8
21,3,17,1,3,4,27
26,3,29,3,32
14,1,3,2,17
1,5,28,7,22,2,13
1,2,9,6,28,3,8,1,13
14,4,25,3,17
26,3,29,3,32
6,1,4,1,18,1,22
16,1,21,4,32
16,1,21,4,32
6,1,4,1,18,1,22
26,3,29,3,32
26,0,16,3,33,0,2
17,1,3,0,1
17,3,21,0,1
26,0,16,3,33,0,2
26,4,34,4,32
27,3,17,5,26
14,0,1,1,6
14,1,3,0,1,1,6
27,3,17,5,26
26,3,29,2,30,3,32
21,3,17,2,15
4,3,28,4,9,4,14,4,25,1,5
4,3,28,4,9,4,14,4,25,1,5
21,3,17,2,15
26,3,29,2,30,3,32
30,2,29,3,32,4,28,3,8
7,1,14,1,3,2,17,5,26
7,1,14,4,25,3,17,5,26
30,3,32,4,28,7,22,0,8
26,4,34,4,32
18,2,28,2,6,3,21,3,17,0,2
27,0,3,1,14,3,9,3,11
27,0,3,1,14,3,9,3,11
18,2,28,2,6,3,21,3,17,0,2
26,3,29,3,32
5,0,25,0,3
31,2,25,0,3,2,17,0,2
31,2,25,3,17,0,2
5,1,27,0,3
26,3,29,3,32
6,6,32,5,29,1,26
0,2,32,4,28,4,9
0,0,24,2,6,2,9
6,6,32,5,29,1,26
26,3,29,2,30,3,32
6,5,28,3,8,1,13
26,1,17,1,3
